const BIG = [[i32;4];26] = [
    [3999724, 2000469, 4281123, 2282046],
    [3995530, 8733, 3321979, -692911],
    [3016889, 2550239, 2408038, 2645605],
    [3443945, 3604888, 3610223, 3768674],
    [168575, 491461, 1053731, -142061],
    [2820722, 3865596, 3191440, 3801895],
    [2329102, 2456329, 2408038, 2645605],
    [3889469, 3781572, 3610223, 3768674],
    [3256726, 3882107, 3191440, 3801895],
    [3729564, 3214899, 3610223, 3768674],
    [206718, 2732608, -152842, 3117903],
    [2178192, 2132103, 2175035, 2000000],
    [1884402, 214904, 1053731, -142061],
    [3060435, 980430, 2175035, 2000000],
    [3998355, 3965954, 3610223, 3768674],
    [3704399, 3973731, 3610223, 3768674],
    [1421672, 3446889, 2408038, 2645605],
    [3415633, 3916020, 3191440, 3801895],
    [2408019, 2263990, 2408038, 2645605],
    [3735247, 2533767, 4281123, 2282046],
    [1756494, 1928662, 2175035, 2000000],
    [780161, 1907142, 2175035, 2000000],
    [3036853, 3294727, 3191440, 3801895],
    [53246, 3908582, -152842, 3117903],
    [2110517, 2243287, 2175035, 2000000],
    [3149491, 3998374, 3191440, 3801895],
];
